NMARK= 2
MARKER_TAG= farfield
MARKER_ELEMS= 50
SEND_TO= 0
3	159	163	0
3	163	164	1
3	164	165	2
3	165	166	3
3	166	167	4
3	167	168	5
3	168	169	6
3	169	170	7
3	170	171	8
3	171	172	9
3	172	173	10
3	173	174	11
3	174	175	12
3	175	176	13
3	176	160	14
3	160	177	15
3	177	178	16
3	178	179	17
3	179	180	18
3	180	181	19
3	181	182	20
3	182	183	21
3	183	184	22
3	184	185	23
3	185	161	24
3	161	186	25
3	186	187	26
3	187	188	27
3	188	189	28
3	189	190	29
3	190	191	30
3	191	192	31
3	192	193	32
3	193	194	33
3	194	195	34
3	195	196	35
3	196	197	36
3	197	198	37
3	198	199	38
3	199	162	39
3	162	200	40
3	200	201	41
3	201	202	42
3	202	203	43
3	203	204	44
3	204	205	45
3	205	206	46
3	206	207	47
3	207	208	48
3	208	159	49
MARKER_TAG= airfoil
MARKER_ELEMS= 159
SEND_TO= 0
3	0	1	0
3	1	2	1
3	2	3	2
3	3	4	3
3	4	5	4
3	5	6	5
3	6	7	6
3	7	8	7
3	8	9	8
3	9	10	9
3	10	11	10
3	11	12	11
3	12	13	12
3	13	14	13
3	14	15	14
3	15	16	15
3	16	17	16
3	17	18	17
3	18	19	18
3	19	20	19
3	20	21	20
3	21	22	21
3	22	23	22
3	23	24	23
3	24	25	24
3	25	26	25
3	26	27	26
3	27	28	27
3	28	29	28
3	29	30	29
3	30	31	30
3	31	32	31
3	32	33	32
3	33	34	33
3	34	35	34
3	35	36	35
3	36	37	36
3	37	38	37
3	38	39	38
3	39	40	39
3	40	41	40
3	41	42	41
3	42	43	42
3	43	44	43
3	44	45	44
3	45	46	45
3	46	47	46
3	47	48	47
3	48	49	48
3	49	50	49
3	50	51	50
3	51	52	51
3	52	53	52
3	53	54	53
3	54	55	54
3	55	56	55
3	56	57	56
3	57	58	57
3	58	59	58
3	59	60	59
3	60	61	60
3	61	62	61
3	62	63	62
3	63	64	63
3	64	65	64
3	65	66	65
3	66	67	66
3	67	68	67
3	68	69	68
3	69	70	69
3	70	71	70
3	71	72	71
3	72	73	72
3	73	74	73
3	74	75	74
3	75	76	75
3	76	77	76
3	77	78	77
3	78	79	78
3	79	80	79
3	80	81	80
3	81	82	81
3	82	83	82
3	83	84	83
3	84	85	84
3	85	86	85
3	86	87	86
3	87	88	87
3	88	89	88
3	89	90	89
3	90	91	90
3	91	92	91
3	92	93	92
3	93	94	93
3	94	95	94
3	95	96	95
3	96	97	96
3	97	98	97
3	98	99	98
3	99	100	99
3	100	101	100
3	101	102	101
3	102	103	102
3	103	104	103
3	104	105	104
3	105	106	105
3	106	107	106
3	107	108	107
3	108	109	108
3	109	110	109
3	110	111	110
3	111	112	111
3	112	113	112
3	113	114	113
3	114	115	114
3	115	116	115
3	116	117	116
3	117	118	117
3	118	119	118
3	119	120	119
3	120	121	120
3	121	122	121
3	122	123	122
3	123	124	123
3	124	125	124
3	125	126	125
3	126	127	126
3	127	128	127
3	128	129	128
3	129	130	129
3	130	131	130
3	131	132	131
3	132	133	132
3	133	134	133
3	134	135	134
3	135	136	135
3	136	137	136
3	137	138	137
3	138	139	138
3	139	140	139
3	140	141	140
3	141	142	141
3	142	143	142
3	143	144	143
3	144	145	144
3	145	146	145
3	146	147	146
3	147	148	147
3	148	149	148
3	149	150	149
3	150	151	150
3	151	152	151
3	152	153	152
3	153	154	153
3	154	155	154
3	155	156	155
3	156	157	156
3	157	158	157
3	158	0	158
