airfoil
  1.0000000000  0.0015000000
  0.9999376948  0.0015048922
  0.9997507946  0.0015195819
  0.9994393460  0.0015441088
  0.9990034267  0.0015785390
  0.9984431452  0.0016229649
  0.9977586413  0.0016775053
  0.9969500855  0.0017423051
  0.9960176793  0.0018175355
  0.9949616551  0.0019033937
  0.9937822761  0.0020001027
  0.9924798362  0.0021079113
  0.9910546600  0.0022270936
  0.9895071026  0.0023579494
  0.9878375499  0.0025008031
  0.9860464178  0.0026560039
  0.9841341527  0.0028239254
  0.9821012313  0.0030049651
  0.9799481601  0.0031995439
  0.9776754758  0.0034081055
  0.9752837447  0.0036311162
  0.9727735630  0.0038690637
  0.9701455561  0.0041224566
  0.9674003792  0.0043918239
  0.9645387163  0.0046777133
  0.9615612806  0.0049806910
  0.9584688141  0.0053013401
  0.9552620876  0.0056402596
  0.9519419002  0.0059980632
  0.9485090795  0.0063753774
  0.9449644809  0.0067728405
  0.9413089878  0.0071911007
  0.9375435112  0.0076308143
  0.9336689897  0.0080926438
  0.9296863887  0.0085772560
  0.9255967009  0.0090853196
  0.9214009455  0.0096175030
  0.9171001681  0.0101744721
  0.9126954406  0.0107568873
  0.9081878607  0.0113654013
  0.9035785519  0.0120006558
  0.8988686628  0.0126632790
  0.8940593673  0.0133538822
  0.8891518640  0.0140730568
  0.8841473758  0.0148213713
  0.8790471501  0.0155993672
  0.8738524579  0.0164075562
  0.8685645938  0.0172464167
  0.8631848756  0.0181163895
  0.8577146442  0.0190178749
  0.8521552628  0.0199512285
  0.8465081170  0.0209167579
  0.8407746140  0.0219147183
  0.8349561829  0.0229453097
  0.8290542736  0.0240086721
  0.8230703572  0.0251048828
  0.8170059248  0.0262339522
  0.8108624879  0.0273958203
  0.8046415776  0.0285903536
  0.7983447441  0.0298173414
  0.7919735570  0.0310764929
  0.7855296039  0.0323674338
  0.7790144908  0.0336897041
  0.7724298415  0.0350427549
  0.7657772969  0.0364259462
  0.7590585151  0.0378385450
  0.7522751704  0.0392797228
  0.7454289535  0.0407485548
  0.7385215706  0.0422440182
  0.7315547431  0.0437649912
  0.7245302072  0.0453102526
  0.7174497138  0.0468784815
  0.7103150273  0.0484682574
  0.7031279259  0.0500780608
  0.6958902008  0.0517062744
  0.6886036557  0.0533511838
  0.6812701066  0.0550109800
  0.6738913813  0.0566837613
  0.6664693185  0.0583675357
  0.6590057681  0.0600602246
  0.6515025902  0.0617596657
  0.6439616546  0.0634636172
  0.6363848407  0.0651697624
  0.6287740369  0.0668757141
  0.6211311399  0.0685790198
  0.6134580545  0.0702771677
  0.6057566929  0.0719675923
  0.5980289746  0.0736476808
  0.5902768254  0.0753147796
  0.5825021773  0.0769662018
  0.5747069680  0.0785992338
  0.5668931401  0.0802111433
  0.5590626410  0.0817991870
  0.5512174223  0.0833606181
  0.5433594391  0.0848926953
  0.5354906498  0.0863926901
  0.5276130156  0.0878578961
  0.5197284995  0.0892856365
  0.5118390668  0.0906732734
  0.5039466835  0.0920182157
  0.4960533165  0.0933179276
  0.4881609332  0.0945699371
  0.4802715005  0.0957718437
  0.4723869844  0.0969213270
  0.4645093502  0.0980161538
  0.4566405609  0.0990541860
  0.4487825777  0.1000333880
  0.4409373590  0.1009518331
  0.4331068599  0.1018077101
  0.4252930320  0.1025993299
  0.4174978227  0.1033251308
  0.4097231746  0.1039836837
  0.4019710254  0.1045736971
  0.3942433071  0.1050940213
  0.3865419455  0.1055436520
  0.3788688601  0.1059217334
  0.3712259631  0.1062275611
  0.3636151593  0.1064605838
  0.3560383454  0.1066204049
  0.3484974098  0.1067067833
  0.3409942319  0.1067196334
  0.3335306815  0.1066590250
  0.3261086187  0.1065251822
  0.3187298934  0.1063184818
  0.3113963443  0.1060394510
  0.3041097992  0.1056887648
  0.2968720741  0.1052672426
  0.2896849727  0.1047758442
  0.2825502862  0.1042156659
  0.2754697928  0.1035879349
  0.2684452569  0.1028940046
  0.2614784294  0.1021353483
  0.2545710465  0.1013135532
  0.2477248296  0.1004303139
  0.2409414849  0.0994874253
  0.2342227031  0.0984867752
  0.2275701585  0.0974303374
  0.2209855092  0.0963201630
  0.2144703961  0.0951583734
  0.2080264430  0.0939471513
  0.2016552559  0.0926887333
  0.1953584224  0.0913854010
  0.1891375121  0.0900394731
  0.1829940752  0.0886532966
  0.1769296428  0.0872292390
  0.1709457264  0.0857696799
  0.1650438171  0.0842770027
  0.1592253860  0.0827535871
  0.1534918830  0.0812018010
  0.1478447372  0.0796239932
  0.1422853558  0.0780224859
  0.1368151244  0.0763995680
  0.1314354062  0.0747574880
  0.1261475421  0.0730984481
  0.1209528499  0.0714245977
  0.1158526242  0.0697380280
  0.1108481360  0.0680407668
  0.1059406327  0.0663347732
  0.1011313372  0.0646219336
  0.0964214481  0.0629040573
  0.0918121393  0.0611828727
  0.0873045594  0.0594600245
  0.0828998319  0.0577370706
  0.0785990545  0.0560154795
  0.0744032991  0.0542966286
  0.0703136113  0.0525818027
  0.0663310103  0.0508721923
  0.0624564888  0.0491688932
  0.0586910122  0.0474729061
  0.0550355191  0.0457851363
  0.0514909205  0.0441063941
  0.0480580998  0.0424373953
  0.0447379124  0.0407787626
  0.0415311859  0.0391310262
  0.0384387194  0.0374946256
  0.0354612837  0.0358699117
  0.0325996208  0.0342571482
  0.0298544439  0.0326565145
  0.0272264370  0.0310681078
  0.0247162553  0.0294919456
  0.0223245242  0.0279279692
  0.0200518399  0.0263760459
  0.0178987687  0.0248359728
  0.0158658473  0.0233074794
  0.0139535822  0.0217902316
  0.0121624501  0.0202838348
  0.0104928974  0.0187878374
  0.0089453400  0.0173017346
  0.0075201638  0.0158249718
  0.0062177239  0.0143569486
  0.0050383449  0.0128970222
  0.0039823207  0.0114445117
  0.0030499145  0.0099987012
  0.0022413587  0.0085588442
  0.0015568548  0.0071241671
  0.0009965733  0.0056938732
  0.0005606540  0.0042671465
  0.0002492054  0.0028431554
  0.0000623052  0.0014210568
  0.0000000000  0.0000001800
  0.0000623052  -0.0011049239
  0.0002492054  -0.0022085208
  0.0005606540  -0.0033092804
  0.0009965733  -0.0044056997
  0.0015568548  -0.0054962866
  0.0022413587  -0.0065795634
  0.0030499145  -0.0076540703
  0.0039823207  -0.0087183689
  0.0050383449  -0.0097710458
  0.0062177239  -0.0108107153
  0.0075201638  -0.0118360233
  0.0089453400  -0.0128456497
  0.0104928974  -0.0138383116
  0.0121624501  -0.0148127660
  0.0139535822  -0.0157678128
  0.0158658473  -0.0167022964
  0.0178987687  -0.0176151092
  0.0200518399  -0.0185051925
  0.0223245242  -0.0193715394
  0.0247162553  -0.0202131961
  0.0272264370  -0.0210292635
  0.0298544439  -0.0218188990
  0.0325996208  -0.0225813170
  0.0354612837  -0.0233157907
  0.0384387194  -0.0240216521
  0.0415311859  -0.0246982935
  0.0447379124  -0.0253451671
  0.0480580998  -0.0259617857
  0.0514909205  -0.0265477229
  0.0550355191  -0.0271026124
  0.0586910122  -0.0276261483
  0.0624564888  -0.0281180842
  0.0663310103  -0.0285782329
  0.0703136113  -0.0290064652
  0.0744032991  -0.0294027093
  0.0785990545  -0.0297669496
  0.0828998319  -0.0300992256
  0.0873045594  -0.0303996300
  0.0918121393  -0.0306683081
  0.0964214481  -0.0309054556
  0.1011313372  -0.0311113171
  0.1059406327  -0.0312861843
  0.1108481360  -0.0314303945
  0.1158526242  -0.0315443283
  0.1209528499  -0.0316284076
  0.1261475421  -0.0316830941
  0.1314354062  -0.0317088869
  0.1368151244  -0.0317063204
  0.1422853558  -0.0316759624
  0.1478447372  -0.0316184120
  0.1534918830  -0.0315342975
  0.1592253860  -0.0314242741
  0.1650438171  -0.0312890221
  0.1709457264  -0.0311292447
  0.1769296428  -0.0309456664
  0.1829940752  -0.0307390301
  0.1891375121  -0.0305100963
  0.1953584224  -0.0302596403
  0.2016552559  -0.0299884508
  0.2080264430  -0.0296973279
  0.2144703961  -0.0293870818
  0.2209855092  -0.0290585303
  0.2275701585  -0.0287124982
  0.2342227031  -0.0283498148
  0.2409414849  -0.0279713132
  0.2477248296  -0.0275778283
  0.2545710465  -0.0271701957
  0.2614784294  -0.0267492504
  0.2684452569  -0.0263158257
  0.2754697928  -0.0258707516
  0.2825502862  -0.0254148541
  0.2896849727  -0.0249489542
  0.2968720741  -0.0244738665
  0.3041097992  -0.0239903986
  0.3113963443  -0.0234993500
  0.3187298934  -0.0230015116
  0.3261086187  -0.0224976645
  0.3335306815  -0.0219885796
  0.3409942319  -0.0214750164
  0.3484974098  -0.0209577230
  0.3560383454  -0.0204374350
  0.3636151593  -0.0199148751
  0.3712259631  -0.0193907521
  0.3788688601  -0.0188657610
  0.3865419455  -0.0183405821
  0.3942433071  -0.0178158804
  0.4019710254  -0.0172923053
  0.4097231746  -0.0167704900
  0.4174978227  -0.0162510513
  0.4252930320  -0.0157345887
  0.4331068599  -0.0152216842
  0.4409373590  -0.0147129021
  0.4487825777  -0.0142087882
  0.4566405609  -0.0137098695
  0.4645093502  -0.0132166542
  0.4723869844  -0.0127296305
  0.4802715005  -0.0122492670
  0.4881609332  -0.0117760121
  0.4960533165  -0.0113102934
  0.5039466835  -0.0108525178
  0.5118390668  -0.0104030708
  0.5197284995  -0.0099623165
  0.5276130156  -0.0095305970
  0.5354906498  -0.0091082325
  0.5433594391  -0.0086955209
  0.5512174223  -0.0082927376
  0.5590626410  -0.0079001353
  0.5668931401  -0.0075179440
  0.5747069680  -0.0071463706
  0.5825021773  -0.0067855991
  0.5902768254  -0.0064357905
  0.5980289746  -0.0060970829
  0.6057566929  -0.0057695911
  0.6134580545  -0.0054534074
  0.6211311399  -0.0051486012
  0.6287740369  -0.0048552191
  0.6363848407  -0.0045732858
  0.6439616546  -0.0043028036
  0.6515025902  -0.0040437533
  0.6590057681  -0.0037960942
  0.6664693185  -0.0035597649
  0.6738913813  -0.0033346834
  0.6812701066  -0.0031207478
  0.6886036557  -0.0029178372
  0.6958902008  -0.0027258115
  0.7031279259  -0.0025445132
  0.7103150273  -0.0023737672
  0.7174497138  -0.0022133819
  0.7245302072  -0.0020631502
  0.7315547431  -0.0019228501
  0.7385215706  -0.0017922457
  0.7454289535  -0.0016710881
  0.7522751704  -0.0015591163
  0.7590585151  -0.0014560584
  0.7657772969  -0.0013616322
  0.7724298415  -0.0012755467
  0.7790144908  -0.0011975029
  0.7855296039  -0.0011271947
  0.7919735570  -0.0010643104
  0.7983447441  -0.0010085332
  0.8046415776  -0.0009595429
  0.8108624879  -0.0009170163
  0.8170059248  -0.0008806288
  0.8230703572  -0.0008500552
  0.8290542736  -0.0008249706
  0.8349561829  -0.0008050516
  0.8407746140  -0.0007899771
  0.8465081170  -0.0007794294
  0.8521552628  -0.0007730949
  0.8577146442  -0.0007706653
  0.8631848756  -0.0007718378
  0.8685645938  -0.0007763167
  0.8738524579  -0.0007838133
  0.8790471501  -0.0007940471
  0.8841473758  -0.0008067464
  0.8891518640  -0.0008216484
  0.8940593673  -0.0008385004
  0.8988686628  -0.0008570596
  0.9035785519  -0.0008770939
  0.9081878607  -0.0008983822
  0.9126954406  -0.0009207142
  0.9171001681  -0.0009438914
  0.9214009455  -0.0009677264
  0.9255967009  -0.0009920438
  0.9296863887  -0.0010166793
  0.9336689897  -0.0010414807
  0.9375435112  -0.0010663069
  0.9413089878  -0.0010910282
  0.9449644809  -0.0011155262
  0.9485090795  -0.0011396931
  0.9519419002  -0.0011634320
  0.9552620876  -0.0011866561
  0.9584688141  -0.0012092882
  0.9615612806  -0.0012312610
  0.9645387163  -0.0012525159
  0.9674003792  -0.0012730028
  0.9701455561  -0.0012926796
  0.9727735630  -0.0013115117
  0.9752837447  -0.0013294715
  0.9776754758  -0.0013465375
  0.9799481601  -0.0013626941
  0.9821012313  -0.0013779308
  0.9841341527  -0.0013922419
  0.9860464178  -0.0014056255
  0.9878375499  -0.0014180832
  0.9895071026  -0.0014296196
  0.9910546600  -0.0014402415
  0.9924798362  -0.0014499575
  0.9937822761  -0.0014587778
  0.9949616551  -0.0014667131
  0.9960176793  -0.0014737746
  0.9969500855  -0.0014799737
  0.9977586413  -0.0014853211
  0.9984431452  -0.0014898269
  0.9990034267  -0.0014935002
  0.9994393460  -0.0014963487
  0.9997507946  -0.0014983788
  0.9999376948  -0.0014995949
  1.0000000000  -0.0015000000